=== Slide 1: 2460239-B2 (fold=0) ===
raw attention shape: (1, 1, 16, 187)
A_low_proto_patch shape: (16, 187)
attention_dim_judgement: raw_attn interpreted as [batch, heads, prototype_query, low_patch_source]
warning: average_attn_weights=False not supported by current attention module; using module-specific return format.
prototype top1 patch indices: [127, 127, 127, 127, 127, 127, 127, 127, 127, 127, 127, 127, 127, 127, 127, 127]
prototype top1 scores: 0.087420, 0.117528, 0.236580, 0.154012, 0.179292, 0.188716, 0.212939, 0.080861, 0.204915, 0.194468, 0.078368, 0.220671, 0.164614, 0.208783, 0.101959, 0.189890
prototype 0 top5 patch indices: [127, 84, 75, 66, 170]
prototype 1 top5 patch indices: [127, 84, 75, 66, 170]
prototype 2 top5 patch indices: [127, 84, 75, 66, 170]
prototype 3 top5 patch indices: [127, 84, 75, 66, 170]
prototype 4 top5 patch indices: [127, 84, 75, 66, 170]
cosine similarity matrix:
[[1.       0.991669 0.909771 0.969967 0.952031 0.944956 0.926925 0.99923
  0.932842 0.940592 0.998641 0.92136  0.962559 0.930145 0.997735 0.944268]
 [0.991669 1.       0.954225 0.99293  0.982954 0.97852  0.96654  0.986701
  0.970555 0.975699 0.984314 0.962657 0.989135 0.96869  0.997863 0.978196]
 [0.909771 0.954225 1.       0.982538 0.992428 0.994775 0.99852  0.895672
  0.997709 0.996095 0.889689 0.999421 0.98764  0.998344 0.934372 0.995285]
 [0.969967 0.99293  0.982538 1.       0.997774 0.995972 0.989982 0.961037
  0.99214  0.994667 0.957226 0.98773  0.999462 0.991122 0.983715 0.995811]
 [0.952031 0.982954 0.992428 0.997774 1.       0.999709 0.997108 0.941018
  0.998222 0.999234 0.936301 0.995806 0.999134 0.997674 0.969715 0.999525]
 [0.944956 0.97852  0.994775 0.995972 0.999709 1.       0.998588 0.933298
  0.999324 0.999841 0.928273 0.997557 0.997956 0.998906 0.963942 0.999769]
 [0.926925 0.96654  0.99852  0.989982 0.997108 0.998588 1.       0.913821
  0.999854 0.9992   0.908235 0.999745 0.993478 0.99986  0.949012 0.998575]
 [0.99923  0.986701 0.895672 0.961037 0.941018 0.933298 0.913821 1.
  0.920193 0.928707 0.999779 0.907895 0.952875 0.917236 0.994754 0.932662]
 [0.932842 0.970555 0.997709 0.99214  0.998222 0.999324 0.999854 0.920193
  1.       0.999709 0.914768 0.999392 0.995188 0.999865 0.953935 0.999239]
 [0.940592 0.975699 0.996095 0.994667 0.999234 0.999841 0.9992   0.928707
  0.999709 1.       0.923534 0.998378 0.997075 0.999358 0.960374 0.999735]
 [0.998641 0.984314 0.889689 0.957226 0.936301 0.928273 0.908235 0.999779
  0.914768 0.923534 1.       0.902153 0.94864  0.911813 0.993434 0.927775]
 [0.92136  0.962657 0.999421 0.98773  0.995806 0.997557 0.999745 0.907895
  0.999392 0.998378 0.902153 1.       0.991861 0.999678 0.944289 0.997768]
 [0.962559 0.989135 0.98764  0.999462 0.999134 0.997956 0.993478 0.952875
  0.995188 0.997075 0.94864  0.991861 1.       0.994487 0.97806  0.998006]
 [0.930145 0.96869  0.998344 0.991122 0.997674 0.998906 0.99986  0.917236
  0.999865 0.999358 0.911813 0.999678 0.994487 1.       0.951734 0.99903 ]
 [0.997735 0.997863 0.934372 0.983715 0.969715 0.963942 0.949012 0.994754
  0.953935 0.960374 0.993434 0.944289 0.97806  0.951734 1.       0.963602]
 [0.944268 0.978196 0.995285 0.995811 0.999525 0.999769 0.998575 0.932662
  0.999239 0.999735 0.927775 0.997768 0.998006 0.99903  0.963602 1.      ]]

=== Slide 2: 2460628-B2 (fold=0) ===
raw attention shape: (1, 1, 16, 190)
A_low_proto_patch shape: (16, 190)
attention_dim_judgement: raw_attn interpreted as [batch, heads, prototype_query, low_patch_source]
warning: average_attn_weights=False not supported by current attention module; using module-specific return format.
prototype top1 patch indices: [38, 38, 38, 38, 38, 38, 38, 38, 38, 38, 38, 38, 38, 38, 38, 38]
prototype top1 scores: 0.038908, 0.048096, 0.085689, 0.059273, 0.069561, 0.073630, 0.081002, 0.036337, 0.078556, 0.072843, 0.035052, 0.081395, 0.061555, 0.078795, 0.042923, 0.071258
prototype 0 top5 patch indices: [38, 53, 27, 28, 62]
prototype 1 top5 patch indices: [38, 53, 27, 28, 62]
prototype 2 top5 patch indices: [38, 53, 27, 28, 62]
prototype 3 top5 patch indices: [38, 53, 27, 28, 62]
prototype 4 top5 patch indices: [38, 53, 27, 28, 62]
cosine similarity matrix:
[[1.       0.994723 0.933742 0.978747 0.964035 0.957869 0.943046 0.999292
  0.948253 0.957644 0.998669 0.941323 0.975713 0.947355 0.998641 0.959031]
 [0.994723 1.       0.964327 0.994306 0.985574 0.981461 0.971069 0.990882
  0.974888 0.981435 0.989159 0.969965 0.992742 0.97435  0.998602 0.982433]
 [0.933742 0.964327 1.       0.986471 0.994874 0.996905 0.999373 0.921774
  0.998882 0.99692  0.917198 0.999674 0.988677 0.999107 0.950212 0.996476]
 [0.978747 0.994306 0.986471 1.       0.997765 0.995898 0.990469 0.971443
  0.99272  0.996029 0.968659 0.989925 0.999798 0.992353 0.987881 0.996527]
 [0.964035 0.985574 0.994874 0.997765 1.       0.999659 0.997328 0.954665
  0.998348 0.999677 0.951095 0.996877 0.998591 0.998168 0.976055 0.999515]
 [0.957869 0.981461 0.996905 0.995898 0.999659 1.       0.998655 0.947899
  0.999307 0.999888 0.944153 0.998324 0.997102 0.999221 0.970912 0.999592]
 [0.943046 0.971069 0.999373 0.990469 0.997328 0.998655 1.       0.931686
  0.999698 0.998707 0.927362 0.999821 0.992339 0.999684 0.958222 0.9981  ]
 [0.999292 0.990882 0.921774 0.971443 0.954665 0.947899 0.931686 1.
  0.937469 0.947647 0.999754 0.929948 0.967992 0.936503 0.996339 0.949446]
 [0.948253 0.974888 0.998882 0.99272  0.998348 0.999307 0.999698 0.937469
  1.       0.999344 0.933388 0.999678 0.994287 0.999896 0.962778 0.999145]
 [0.957644 0.981435 0.99692  0.996029 0.999677 0.999888 0.998707 0.947647
  0.999344 1.       0.943895 0.998411 0.997161 0.999248 0.970803 0.999705]
 [0.998669 0.989159 0.917198 0.968659 0.951095 0.944153 0.927362 0.999754
  0.933388 0.943895 1.       0.925577 0.965043 0.932312 0.995219 0.945834]
 [0.941323 0.969965 0.999674 0.989925 0.996877 0.998324 0.999821 0.929948
  0.999678 0.998411 0.925577 1.       0.991794 0.99977  0.956811 0.998069]
 [0.975713 0.992742 0.988677 0.999798 0.998591 0.997102 0.992339 0.967992
  0.994287 0.997161 0.965043 0.991794 1.       0.993978 0.985523 0.99755 ]
 [0.947355 0.97435  0.999107 0.992353 0.998168 0.999221 0.999684 0.936503
  0.999896 0.999248 0.932312 0.99977  0.993978 1.       0.96203  0.999001]
 [0.998641 0.998602 0.950212 0.987881 0.976055 0.970912 0.958222 0.996339
  0.962778 0.970803 0.995219 0.956811 0.985523 0.96203  1.       0.972021]
 [0.959031 0.982433 0.996476 0.996527 0.999515 0.999592 0.9981   0.949446
  0.999145 0.999705 0.945834 0.998069 0.99755  0.999001 0.972021 1.      ]]

=== Slide 3: 2460641-B2 (fold=0) ===
raw attention shape: (1, 1, 16, 242)
A_low_proto_patch shape: (16, 242)
attention_dim_judgement: raw_attn interpreted as [batch, heads, prototype_query, low_patch_source]
warning: average_attn_weights=False not supported by current attention module; using module-specific return format.
prototype top1 patch indices: [162, 162, 162, 162, 162, 162, 162, 162, 162, 162, 162, 162, 162, 162, 162, 162]
prototype top1 scores: 0.015647, 0.018285, 0.030907, 0.022077, 0.024697, 0.025455, 0.029355, 0.014650, 0.028442, 0.026525, 0.014863, 0.029354, 0.023567, 0.027729, 0.016880, 0.025861
prototype 0 top5 patch indices: [162, 160, 119, 235, 10]
prototype 1 top5 patch indices: [162, 160, 119, 235, 10]
prototype 2 top5 patch indices: [162, 160, 119, 235, 10]
prototype 3 top5 patch indices: [162, 160, 119, 235, 10]
prototype 4 top5 patch indices: [162, 160, 119, 235, 10]
cosine similarity matrix:
[[1.       0.996898 0.954746 0.987946 0.978428 0.974954 0.96264  0.999682
  0.966597 0.972637 0.99962  0.960813 0.984604 0.966658 0.999272 0.974689]
 [0.996898 1.       0.974175 0.996767 0.991202 0.988962 0.980122 0.995285
  0.982966 0.987357 0.994811 0.978821 0.994962 0.983125 0.999031 0.988736]
 [0.954746 0.974175 1.       0.988802 0.99531  0.996652 0.999488 0.948605
  0.998953 0.997475 0.947735 0.999677 0.991646 0.998897 0.964547 0.996805]
 [0.987946 0.996767 0.988802 1.       0.998504 0.997422 0.992587 0.984651
  0.994355 0.996676 0.984018 0.991795 0.999686 0.994379 0.992873 0.997432]
 [0.978428 0.991202 0.99531  0.998504 1.       0.999793 0.997595 0.974117
  0.998513 0.999553 0.973353 0.997134 0.999317 0.998571 0.985133 0.99973 ]
 [0.974954 0.988962 0.996652 0.997422 0.999793 1.       0.998462 0.970356
  0.999109 0.999808 0.969544 0.998174 0.998564 0.999277 0.982201 0.999801]
 [0.96264  0.980122 0.999488 0.992587 0.997595 0.998462 1.       0.957065
  0.999813 0.999058 0.956128 0.999891 0.994849 0.999754 0.971529 0.998642]
 [0.999682 0.995285 0.948605 0.984651 0.974117 0.970356 0.957065 1.
  0.961244 0.967817 0.999817 0.955083 0.98096  0.961366 0.998334 0.970053]
 [0.966597 0.982966 0.998953 0.994355 0.998513 0.999109 0.999813 0.961244
  1.       0.999543 0.960423 0.99966  0.996283 0.999841 0.974998 0.999313]
 [0.972637 0.987357 0.997475 0.996676 0.999553 0.999808 0.999058 0.967817
  0.999543 1.       0.966989 0.998773 0.998049 0.999563 0.980179 0.999826]
 [0.99962  0.994811 0.947735 0.984018 0.973353 0.969544 0.956128 0.999817
  0.960423 0.966989 1.       0.954159 0.980328 0.960439 0.998071 0.969218]
 [0.960813 0.978821 0.999677 0.991795 0.997134 0.998174 0.999891 0.955083
  0.99966  0.998773 0.954159 1.       0.994178 0.999705 0.969936 0.998326]
 [0.984604 0.994962 0.991646 0.999686 0.999317 0.998564 0.994849 0.98096
  0.996283 0.998049 0.980328 0.994178 1.       0.996284 0.990233 0.99863 ]
 [0.966658 0.983125 0.998897 0.994379 0.998571 0.999277 0.999754 0.961366
  0.999841 0.999563 0.960439 0.999705 0.996284 1.       0.975075 0.999322]
 [0.999272 0.999031 0.964547 0.992873 0.985133 0.982201 0.971529 0.998334
  0.974998 0.980179 0.998071 0.969936 0.990233 0.975075 1.       0.982024]
 [0.974689 0.988736 0.996805 0.997432 0.99973  0.999801 0.998642 0.970053
  0.999313 0.999826 0.969218 0.998326 0.99863  0.999322 0.982024 1.      ]]

=== Slide 4: 2460960-B (fold=0) ===
raw attention shape: (1, 1, 16, 343)
A_low_proto_patch shape: (16, 343)
attention_dim_judgement: raw_attn interpreted as [batch, heads, prototype_query, low_patch_source]
warning: average_attn_weights=False not supported by current attention module; using module-specific return format.
prototype top1 patch indices: [240, 240, 240, 240, 240, 240, 240, 240, 240, 240, 240, 240, 240, 240, 240, 240]
prototype top1 scores: 0.035467, 0.046690, 0.098283, 0.063141, 0.072527, 0.079019, 0.089373, 0.032997, 0.085570, 0.078798, 0.033078, 0.091772, 0.065196, 0.084860, 0.040981, 0.078281
prototype 0 top5 patch indices: [240, 226, 335, 197, 227]
prototype 1 top5 patch indices: [240, 226, 197, 335, 227]
prototype 2 top5 patch indices: [240, 226, 335, 197, 227]
prototype 3 top5 patch indices: [240, 226, 335, 197, 227]
prototype 4 top5 patch indices: [240, 226, 335, 197, 227]
cosine similarity matrix:
[[1.       0.992594 0.90208  0.968681 0.949569 0.939277 0.917792 0.999283
  0.924781 0.937709 0.998974 0.914741 0.964244 0.92514  0.998016 0.939553]
 [0.992594 1.       0.946441 0.991351 0.980129 0.973325 0.958207 0.988232
  0.963216 0.972324 0.986931 0.955965 0.989057 0.963536 0.998181 0.973488]
 [0.90208  0.946441 1.       0.980172 0.991295 0.99508  0.999141 0.888698
  0.998254 0.995423 0.885483 0.999421 0.983137 0.998091 0.926762 0.995034]
 [0.968681 0.991351 0.980172 1.       0.997559 0.994831 0.987114 0.96035
  0.989882 0.9944   0.95825  0.985877 0.99973  0.99001  0.982228 0.994933]
 [0.949569 0.980129 0.991295 0.997559 1.       0.999359 0.995702 0.9393
  0.997246 0.999289 0.936679 0.994891 0.998495 0.997331 0.967152 0.999432]
 [0.939277 0.973325 0.99508  0.994831 0.999359 1.       0.998187 0.928268
  0.999077 0.999895 0.925514 0.997661 0.99626  0.999059 0.958652 0.999922]
 [0.917792 0.958207 0.999141 0.987114 0.995702 0.998187 1.       0.905338
  0.999808 0.998418 0.902172 0.999872 0.989523 0.999709 0.940443 0.998152]
 [0.999283 0.988232 0.888698 0.96035  0.9393   0.928268 0.905338 1.
  0.912727 0.926569 0.999782 0.902016 0.955469 0.913041 0.995402 0.928541]
 [0.924781 0.963216 0.998254 0.989882 0.997246 0.999077 0.999808 0.912727
  1.       0.999267 0.909692 0.999561 0.991971 0.999919 0.946422 0.999103]
 [0.937709 0.972324 0.995423 0.9944   0.999289 0.999895 0.998418 0.926569
  0.999267 1.       0.92367  0.997892 0.995942 0.999307 0.957386 0.999935]
 [0.998974 0.986931 0.885483 0.95825  0.936679 0.925514 0.902172 0.999782
  0.909692 0.92367  1.       0.898899 0.953141 0.909936 0.994578 0.925803]
 [0.914741 0.955965 0.999421 0.985877 0.994891 0.997661 0.999872 0.902016
  0.999561 0.997892 0.898899 1.       0.98846  0.999522 0.937768 0.997646]
 [0.964244 0.989057 0.983137 0.99973  0.998495 0.99626  0.989523 0.955469
  0.991971 0.995942 0.953141 0.98846  1.       0.992195 0.978801 0.996351]
 [0.92514  0.963536 0.998091 0.99001  0.997331 0.999059 0.999709 0.913041
  0.999919 0.999307 0.909936 0.999522 0.992195 1.       0.946729 0.999111]
 [0.998016 0.998181 0.926762 0.982228 0.967152 0.958652 0.940443 0.995402
  0.946422 0.957386 0.994578 0.937768 0.978801 0.946729 1.       0.95889 ]
 [0.939553 0.973488 0.995034 0.994933 0.999432 0.999922 0.998152 0.928541
  0.999103 0.999935 0.925803 0.997646 0.996351 0.999111 0.95889  1.      ]]

=== Slide 5: 2461671-B2 (fold=0) ===
raw attention shape: (1, 1, 16, 328)
A_low_proto_patch shape: (16, 328)
attention_dim_judgement: raw_attn interpreted as [batch, heads, prototype_query, low_patch_source]
warning: average_attn_weights=False not supported by current attention module; using module-specific return format.
prototype top1 patch indices: [159, 159, 159, 159, 159, 159, 159, 159, 159, 159, 159, 159, 159, 159, 159, 159]
prototype top1 scores: 0.030815, 0.039743, 0.090547, 0.055746, 0.066321, 0.069254, 0.081114, 0.027770, 0.079440, 0.072341, 0.027801, 0.083676, 0.056507, 0.077680, 0.034932, 0.070092
prototype 0 top5 patch indices: [159, 217, 142, 311, 105]
prototype 1 top5 patch indices: [159, 217, 142, 311, 105]
prototype 2 top5 patch indices: [159, 217, 142, 311, 105]
prototype 3 top5 patch indices: [159, 217, 142, 311, 105]
prototype 4 top5 patch indices: [159, 217, 142, 311, 105]
cosine similarity matrix:
[[1.       0.992942 0.89468  0.967258 0.944698 0.938045 0.913218 0.999099
  0.917558 0.932776 0.998911 0.90762  0.962826 0.92     0.998223 0.936508]
 [0.992942 1.       0.938493 0.989721 0.975536 0.970933 0.952931 0.988091
  0.956101 0.96711  0.988017 0.948818 0.987593 0.958161 0.998071 0.970135]
 [0.89468  0.938493 1.       0.977735 0.991159 0.993461 0.998851 0.877569
  0.998278 0.995234 0.877766 0.999348 0.980205 0.997853 0.917896 0.993845]
 [0.967258 0.989721 0.977735 1.       0.996763 0.994802 0.986112 0.957049
  0.987897 0.993286 0.957127 0.983854 0.999544 0.988897 0.980052 0.994643]
 [0.944698 0.975536 0.991159 0.996763 1.       0.999698 0.996124 0.93175
  0.996922 0.999279 0.931753 0.994827 0.99758  0.997498 0.961573 0.999488]
 [0.938045 0.970933 0.993461 0.994802 0.999698 1.       0.997596 0.924473
  0.99804  0.99975  0.924428 0.996452 0.99599  0.998616 0.955967 0.99959 ]
 [0.913218 0.952931 0.998851 0.986112 0.996124 0.997596 1.       0.897504
  0.999846 0.998576 0.897602 0.999827 0.988147 0.999775 0.93441  0.997816]
 [0.999099 0.988091 0.877569 0.957049 0.93175  0.924473 0.897504 1.
  0.902181 0.918668 0.999744 0.891506 0.952378 0.90488  0.9954   0.922928]
 [0.917558 0.956101 0.998278 0.987897 0.996922 0.99804  0.999846 0.902181
  1.       0.998968 0.902374 0.999651 0.989641 0.999831 0.938152 0.998472]
 [0.932776 0.96711  0.995234 0.993286 0.999279 0.99975  0.998576 0.918668
  0.998968 1.       0.918618 0.997683 0.99445  0.999257 0.951373 0.99961 ]
 [0.998911 0.988017 0.877766 0.957127 0.931753 0.924428 0.897602 0.999744
  0.902374 0.918618 1.       0.891736 0.952501 0.905034 0.995263 0.923142]
 [0.90762  0.948818 0.999348 0.983854 0.994827 0.996452 0.999827 0.891506
  0.999651 0.997683 0.891736 1.       0.986112 0.999449 0.929506 0.996956]
 [0.962826 0.987593 0.980205 0.999544 0.99758  0.99599  0.988147 0.952378
  0.989641 0.99445  0.952501 0.986112 1.       0.990807 0.976748 0.99588 ]
 [0.92     0.958161 0.997853 0.988897 0.997498 0.998616 0.999775 0.90488
  0.999831 0.999257 0.905034 0.999449 0.990807 1.       0.940441 0.998843]
 [0.998223 0.998071 0.917896 0.980052 0.961573 0.955967 0.93441  0.9954
  0.938152 0.951373 0.995263 0.929506 0.976748 0.940441 1.       0.954752]
 [0.936508 0.970135 0.993845 0.994643 0.999488 0.99959  0.997816 0.922928
  0.998472 0.99961  0.923142 0.996956 0.99588  0.998843 0.954752 1.      ]]

=== Slide 6: 2461677-B2 (fold=0) ===
raw attention shape: (1, 1, 16, 60)
A_low_proto_patch shape: (16, 60)
attention_dim_judgement: raw_attn interpreted as [batch, heads, prototype_query, low_patch_source]
warning: average_attn_weights=False not supported by current attention module; using module-specific return format.
prototype top1 patch indices: [41, 41, 41, 41, 41, 41, 41, 41, 41, 41, 41, 41, 41, 41, 41, 41]
prototype top1 scores: 0.114940, 0.141258, 0.261281, 0.174957, 0.206734, 0.216820, 0.236783, 0.107071, 0.231719, 0.217722, 0.104847, 0.244800, 0.186966, 0.232868, 0.125568, 0.211241
prototype 0 top5 patch indices: [41, 14, 49, 20, 52]
prototype 1 top5 patch indices: [41, 14, 49, 20, 52]
prototype 2 top5 patch indices: [41, 14, 49, 20, 52]
prototype 3 top5 patch indices: [41, 14, 49, 20, 52]
prototype 4 top5 patch indices: [41, 14, 49, 20, 52]
cosine similarity matrix:
[[1.       0.994283 0.922654 0.978237 0.958959 0.951586 0.937795 0.999252
  0.942446 0.951152 0.99881  0.933349 0.971627 0.941034 0.99886  0.955835]
 [0.994283 1.       0.956513 0.994415 0.982875 0.977936 0.96829  0.989998
  0.971473 0.977721 0.988301 0.964849 0.990859 0.970546 0.998138 0.980869]
 [0.922654 0.956513 1.       0.981157 0.993637 0.996126 0.998675 0.908553
  0.998292 0.996142 0.904126 0.999433 0.986699 0.99841  0.938402 0.994582]
 [0.978237 0.994415 0.981157 1.       0.996627 0.994075 0.988672 0.970125
  0.99064  0.994064 0.967438 0.986627 0.999378 0.990078 0.986682 0.995775]
 [0.958959 0.982875 0.993637 0.996627 1.       0.999586 0.99754  0.948232
  0.99847  0.999585 0.944761 0.996608 0.998619 0.998203 0.970629 0.999876]
 [0.951586 0.977936 0.996126 0.994075 0.999586 1.       0.999059 0.94013
  0.999495 0.999964 0.936368 0.99834  0.996886 0.999391 0.964248 0.999666]
 [0.937795 0.96829  0.998675 0.988672 0.99754  0.999059 1.       0.924961
  0.999766 0.9991   0.920779 0.999756 0.992752 0.999883 0.952173 0.998109]
 [0.999252 0.989998 0.908553 0.970125 0.948232 0.94013  0.924961 1.
  0.929996 0.939627 0.999843 0.920075 0.96261  0.92845  0.996554 0.944694]
 [0.942446 0.971473 0.998292 0.99064  0.99847  0.999495 0.999766 0.929996
  1.       0.999523 0.926033 0.999622 0.994394 0.999954 0.956204 0.998922]
 [0.951152 0.977721 0.996142 0.994064 0.999585 0.999964 0.9991   0.939627
  0.999523 1.       0.935839 0.998372 0.996843 0.999409 0.96392  0.999714]
 [0.99881  0.988301 0.904126 0.967438 0.944761 0.936368 0.920779 0.999843
  0.926033 0.935839 1.       0.915898 0.959637 0.924428 0.99555  0.941166]
 [0.933349 0.964849 0.999433 0.986627 0.996608 0.99834  0.999756 0.920075
  0.999622 0.998372 0.915898 1.       0.99124  0.999713 0.948123 0.99737 ]
 [0.971627 0.990859 0.986699 0.999378 0.998619 0.996886 0.992752 0.96261
  0.994394 0.996843 0.959637 0.99124  1.       0.993931 0.981274 0.998069]
 [0.941034 0.970546 0.99841  0.990078 0.998203 0.999391 0.999883 0.92845
  0.999954 0.999409 0.924428 0.999713 0.993931 1.       0.955    0.998732]
 [0.99886  0.998138 0.938402 0.986682 0.970629 0.964248 0.952173 0.996554
  0.956204 0.96392  0.99555  0.948123 0.981274 0.955    1.       0.967982]
 [0.955835 0.980869 0.994582 0.995775 0.999876 0.999666 0.998109 0.944694
  0.998922 0.999714 0.941166 0.99737  0.998069 0.998732 0.967982 1.      ]]

=== Slide 7: 2461700-B2 (fold=0) ===
raw attention shape: (1, 1, 16, 74)
A_low_proto_patch shape: (16, 74)
attention_dim_judgement: raw_attn interpreted as [batch, heads, prototype_query, low_patch_source]
warning: average_attn_weights=False not supported by current attention module; using module-specific return format.
prototype top1 patch indices: [60, 60, 60, 60, 60, 60, 60, 60, 60, 60, 60, 60, 60, 60, 60, 60]
prototype top1 scores: 0.097941, 0.121402, 0.202683, 0.146396, 0.166177, 0.175599, 0.191861, 0.092661, 0.185530, 0.178163, 0.091872, 0.197783, 0.153471, 0.187476, 0.108576, 0.173409
prototype 0 top5 patch indices: [60, 49, 58, 50, 1]
prototype 1 top5 patch indices: [60, 49, 58, 50, 59]
prototype 2 top5 patch indices: [60, 49, 58, 50, 51]
prototype 3 top5 patch indices: [60, 49, 58, 50, 59]
prototype 4 top5 patch indices: [60, 49, 58, 50, 1]
cosine similarity matrix:
[[1.       0.994493 0.937355 0.980274 0.966622 0.960256 0.946801 0.999352
  0.952357 0.958235 0.999296 0.943076 0.97677  0.950915 0.998559 0.961891]
 [0.994493 1.       0.967263 0.995089 0.987317 0.983411 0.974203 0.991048
  0.978013 0.982074 0.990644 0.971583 0.993525 0.977178 0.998542 0.984519]
 [0.937355 0.967263 1.       0.987083 0.995031 0.996932 0.999463 0.926424
  0.998804 0.997513 0.926051 0.999701 0.989561 0.99894  0.953724 0.996631]
 [0.980274 0.995089 0.987083 1.       0.99807  0.996118 0.991263 0.973689
  0.993491 0.995484 0.973353 0.989544 0.999679 0.992862 0.98918  0.996742]
 [0.966622 0.987317 0.995031 0.99807  1.       0.999517 0.99747  0.958239
  0.998604 0.999327 0.957875 0.996446 0.998817 0.998236 0.97843  0.999726]
 [0.960256 0.983411 0.996932 0.996118 0.999517 1.       0.998867 0.951305
  0.999495 0.999932 0.950777 0.998188 0.997458 0.99941  0.973118 0.99986 ]
 [0.946801 0.974203 0.999463 0.991263 0.99747  0.998867 1.       0.936653
  0.999805 0.999208 0.936136 0.999834 0.993322 0.999872 0.961862 0.998594]
 [0.999352 0.991048 0.926424 0.973689 0.958239 0.951305 0.936653 1.
  0.942653 0.949135 0.999828 0.932755 0.969925 0.941187 0.996496 0.953214]
 [0.952357 0.978013 0.998804 0.993491 0.998604 0.999495 0.999805 0.942653
  1.       0.999696 0.942207 0.99947  0.99524  0.999926 0.966581 0.999383]
 [0.958235 0.982074 0.997513 0.995484 0.999327 0.999932 0.999208 0.949135
  0.999696 1.       0.948546 0.998629 0.996927 0.999623 0.971461 0.999808]
 [0.999296 0.990644 0.926051 0.973353 0.957875 0.950777 0.936136 0.999828
  0.942207 0.948546 1.       0.932215 0.969478 0.940645 0.99631  0.952763]
 [0.943076 0.971583 0.999701 0.989544 0.996446 0.998188 0.999834 0.932755
  0.99947  0.998629 0.932215 1.       0.991976 0.999637 0.958644 0.997912]
 [0.97677  0.993525 0.989561 0.999679 0.998817 0.997458 0.993322 0.969925
  0.99524  0.996927 0.969478 0.991976 1.       0.994816 0.986533 0.997989]
 [0.950915 0.977178 0.99894  0.992862 0.998236 0.99941  0.999872 0.941187
  0.999926 0.999623 0.940645 0.999637 0.994816 1.       0.965363 0.9992  ]
 [0.998559 0.998542 0.953724 0.98918  0.97843  0.973118 0.961862 0.996496
  0.966581 0.971461 0.99631  0.958644 0.986533 0.965363 1.       0.974603]
 [0.961891 0.984519 0.996631 0.996742 0.999726 0.99986  0.998594 0.953214
  0.999383 0.999808 0.952763 0.997912 0.997989 0.9992   0.974603 1.      ]]

=== Slide 8: 2462478-B2 (fold=0) ===
raw attention shape: (1, 1, 16, 152)
A_low_proto_patch shape: (16, 152)
attention_dim_judgement: raw_attn interpreted as [batch, heads, prototype_query, low_patch_source]
warning: average_attn_weights=False not supported by current attention module; using module-specific return format.
prototype top1 patch indices: [32, 32, 32, 32, 32, 32, 32, 32, 32, 32, 32, 32, 32, 32, 32, 32]
prototype top1 scores: 0.041199, 0.048214, 0.076372, 0.058190, 0.064297, 0.066556, 0.071210, 0.038658, 0.070741, 0.067001, 0.039250, 0.073244, 0.060150, 0.069802, 0.044331, 0.065481
prototype 0 top5 patch indices: [32, 70, 81, 116, 95]
prototype 1 top5 patch indices: [32, 81, 70, 116, 95]
prototype 2 top5 patch indices: [32, 70, 81, 116, 95]
prototype 3 top5 patch indices: [32, 81, 70, 116, 95]
prototype 4 top5 patch indices: [32, 81, 70, 116, 95]
cosine similarity matrix:
[[1.       0.996309 0.95723  0.986135 0.976648 0.973127 0.963493 0.999496
  0.967037 0.971374 0.999355 0.962359 0.983466 0.967145 0.999131 0.974655]
 [0.996309 1.       0.977472 0.996512 0.991055 0.988723 0.982228 0.993864
  0.984679 0.987679 0.993197 0.981336 0.99513  0.984749 0.998845 0.98984 ]
 [0.95723  0.977472 1.       0.991261 0.996698 0.997862 0.999525 0.949475
  0.999095 0.9981   0.94845  0.999699 0.993135 0.999101 0.967164 0.997262]
 [0.986135 0.996512 0.991261 1.       0.998614 0.997562 0.994124 0.98159
  0.995627 0.997053 0.980703 0.993679 0.999816 0.995601 0.991756 0.99815 ]
 [0.976648 0.991055 0.996698 0.998614 1.       0.999803 0.99835  0.970867
  0.999027 0.999539 0.96984  0.998086 0.99929  0.999054 0.984019 0.999875]
 [0.973127 0.988723 0.997862 0.997562 0.999803 1.       0.999043 0.966919
  0.999456 0.999697 0.965899 0.998839 0.998489 0.999526 0.98096  0.99975 ]
 [0.963493 0.982228 0.999525 0.994124 0.99835  0.999043 1.       0.956399
  0.999767 0.999393 0.95517  0.999893 0.995653 0.99982  0.972749 0.998738]
 [0.999496 0.993864 0.949475 0.98159  0.970867 0.966919 0.956399 1.
  0.96031  0.965066 0.999787 0.955076 0.97862  0.960263 0.997753 0.968672]
 [0.967037 0.984679 0.999095 0.995627 0.999027 0.999456 0.999767 0.96031
  1.       0.999647 0.959242 0.999748 0.996912 0.99985  0.975887 0.999379]
 [0.971374 0.987679 0.9981   0.997053 0.999539 0.999697 0.999393 0.965066
  0.999647 1.       0.963822 0.999145 0.99805  0.99971  0.979544 0.999691]
 [0.999355 0.993197 0.94845  0.980703 0.96984  0.965899 0.95517  0.999787
  0.959242 0.963822 1.       0.954    0.977653 0.959086 0.997398 0.967639]
 [0.962359 0.981336 0.999699 0.993679 0.998086 0.998839 0.999893 0.955076
  0.999748 0.999145 0.954    1.       0.995244 0.999746 0.971755 0.998569]
 [0.983466 0.99513  0.993135 0.999816 0.99929  0.998489 0.995653 0.97862
  0.996912 0.99805  0.977653 0.995244 1.       0.996871 0.989618 0.998921]
 [0.967145 0.984749 0.999101 0.995601 0.999054 0.999526 0.99982  0.960263
  0.99985  0.99971  0.959086 0.999746 0.996871 1.       0.9759   0.999342]
 [0.999131 0.998845 0.967164 0.991756 0.984019 0.98096  0.972749 0.997753
  0.975887 0.979544 0.997398 0.971755 0.989618 0.9759   1.       0.982464]
 [0.974655 0.98984  0.997262 0.99815  0.999875 0.99975  0.998738 0.968672
  0.999379 0.999691 0.967639 0.998569 0.998921 0.999342 0.982464 1.      ]]

=== Slide 9: 2462598-B (fold=0) ===
raw attention shape: (1, 1, 16, 195)
A_low_proto_patch shape: (16, 195)
attention_dim_judgement: raw_attn interpreted as [batch, heads, prototype_query, low_patch_source]
warning: average_attn_weights=False not supported by current attention module; using module-specific return format.
prototype top1 patch indices: [46, 46, 46, 46, 46, 46, 46, 46, 46, 46, 46, 46, 46, 46, 46, 46]
prototype top1 scores: 0.055033, 0.068489, 0.122997, 0.085884, 0.097798, 0.102800, 0.113675, 0.051822, 0.109787, 0.103359, 0.051334, 0.113920, 0.089297, 0.110057, 0.061082, 0.101869
prototype 0 top5 patch indices: [46, 115, 45, 16, 18]
prototype 1 top5 patch indices: [46, 115, 45, 16, 125]
prototype 2 top5 patch indices: [46, 115, 45, 16, 125]
prototype 3 top5 patch indices: [46, 115, 45, 16, 125]
prototype 4 top5 patch indices: [46, 115, 45, 16, 125]
cosine similarity matrix:
[[1.       0.995793 0.942763 0.983574 0.97152  0.966486 0.954113 0.999506
  0.958821 0.965892 0.999451 0.953085 0.980146 0.95805  0.99912  0.967623]
 [0.995793 1.       0.967747 0.995478 0.988352 0.985049 0.976289 0.993168
  0.9796   0.98457  0.992815 0.97561  0.993825 0.979172 0.998643 0.985891]
 [0.942763 0.967747 1.       0.986627 0.994425 0.996362 0.999193 0.93414
  0.998392 0.996443 0.933297 0.999243 0.989391 0.998562 0.954873 0.996066]
 [0.983574 0.995478 0.986627 1.       0.998191 0.996654 0.992043 0.978437
  0.994004 0.99657  0.977915 0.991586 0.999674 0.993658 0.990036 0.997097]
 [0.97152  0.988352 0.994425 0.998191 1.       0.999707 0.997701 0.964941
  0.998671 0.999666 0.964323 0.997444 0.998943 0.998509 0.980089 0.999748]
 [0.966486 0.985049 0.996362 0.996654 0.999707 1.       0.998876 0.959516
  0.999465 0.999914 0.958855 0.998633 0.997796 0.999345 0.975792 0.999833]
 [0.954113 0.976289 0.999193 0.992043 0.997701 0.998876 1.       0.946155
  0.999827 0.99892  0.945393 0.999929 0.994047 0.999868 0.965026 0.998676]
 [0.999506 0.993168 0.93414  0.978437 0.964941 0.959516 0.946155 1.
  0.951171 0.958821 0.999881 0.945033 0.974757 0.950376 0.997633 0.96084 ]
 [0.958821 0.9796   0.998392 0.994004 0.998671 0.999465 0.999827 0.951171
  1.       0.999521 0.950448 0.999717 0.995653 0.999941 0.969169 0.999354]
 [0.965892 0.98457  0.996443 0.99657  0.999666 0.999914 0.99892  0.958821
  0.999521 1.       0.958102 0.998658 0.99763  0.999336 0.975335 0.999802]
 [0.999451 0.992815 0.933297 0.977915 0.964323 0.958855 0.945393 0.999881
  0.950448 0.958102 1.       0.944255 0.974133 0.949649 0.997433 0.960171]
 [0.953085 0.97561  0.999243 0.991586 0.997444 0.998633 0.999929 0.945033
  0.999717 0.998658 0.944255 1.       0.99375  0.999839 0.964122 0.998493]
 [0.980146 0.993825 0.989391 0.999674 0.998943 0.997796 0.994047 0.974757
  0.995653 0.99763  0.974133 0.99375  1.       0.99549  0.987291 0.998275]
 [0.95805  0.979172 0.998562 0.993658 0.998509 0.999345 0.999868 0.950376
  0.999941 0.999336 0.949649 0.999839 0.99549  1.       0.968484 0.999281]
 [0.99912  0.998643 0.954873 0.990036 0.980089 0.975792 0.965026 0.997633
  0.969169 0.975335 0.997433 0.964122 0.987291 0.968484 1.       0.976838]
 [0.967623 0.985891 0.996066 0.997097 0.999748 0.999833 0.998676 0.96084
  0.999354 0.999802 0.960171 0.998493 0.998275 0.999281 0.976838 1.      ]]

=== Slide 10: 2462637-B2 (fold=0) ===
raw attention shape: (1, 1, 16, 277)
A_low_proto_patch shape: (16, 277)
attention_dim_judgement: raw_attn interpreted as [batch, heads, prototype_query, low_patch_source]
warning: average_attn_weights=False not supported by current attention module; using module-specific return format.
prototype top1 patch indices: [157, 157, 157, 157, 157, 157, 157, 157, 157, 157, 157, 157, 157, 157, 157, 157]
prototype top1 scores: 0.067336, 0.094922, 0.241570, 0.134343, 0.164807, 0.176745, 0.215113, 0.060677, 0.205386, 0.182258, 0.060125, 0.224425, 0.147437, 0.205288, 0.079400, 0.177087
prototype 0 top5 patch indices: [157, 152, 8, 139, 167]
prototype 1 top5 patch indices: [157, 152, 8, 139, 167]
prototype 2 top5 patch indices: [157, 152, 8, 139, 167]
prototype 3 top5 patch indices: [157, 152, 8, 139, 167]
prototype 4 top5 patch indices: [157, 152, 8, 139, 167]
cosine similarity matrix:
[[1.       0.988578 0.856056 0.954248 0.925163 0.913789 0.878287 0.998807
  0.886521 0.908474 0.998642 0.870065 0.941197 0.886932 0.997372 0.913139]
 [0.988578 1.       0.922028 0.988093 0.971183 0.963784 0.938742 0.980682
  0.944669 0.960201 0.979876 0.932593 0.980855 0.945045 0.996823 0.963348]
 [0.856056 0.922028 1.       0.969655 0.987014 0.991237 0.998886 0.832823
  0.997914 0.993012 0.83109  0.999566 0.979447 0.9978   0.889747 0.991604]
 [0.954248 0.988093 0.969655 1.       0.996174 0.993134 0.97994  0.939601
  0.983341 0.991518 0.938493 0.97628  0.998976 0.983572 0.973157 0.992949]
 [0.925163 0.971183 0.987014 0.996174 1.       0.999534 0.993407 0.907103
  0.995265 0.999018 0.90571  0.9912   0.998919 0.995437 0.949738 0.999447]
 [0.913789 0.963784 0.991237 0.993134 0.999534 1.       0.996294 0.894647
  0.99761  0.999851 0.893144 0.994586 0.997172 0.997782 0.940194 0.999934]
 [0.878287 0.938742 0.998886 0.97994  0.993407 0.996294 1.       0.856498
  0.999828 0.997439 0.854834 0.999816 0.987714 0.99979  0.909459 0.996545]
 [0.998807 0.980682 0.832823 0.939601 0.907103 0.894647 0.856498 1.
  0.865333 0.888914 0.999843 0.847699 0.925093 0.865735 0.992894 0.89401 ]
 [0.886521 0.944669 0.997914 0.983341 0.995265 0.99761  0.999828 0.865333
  1.       0.998527 0.863741 0.999355 0.990335 0.999963 0.916647 0.997844]
 [0.908474 0.960201 0.993012 0.991518 0.999018 0.999851 0.997439 0.888914
  0.998527 1.       0.887403 0.995991 0.996158 0.998626 0.935674 0.999905]
 [0.998642 0.979876 0.83109  0.938493 0.90571  0.893144 0.854834 0.999843
  0.863741 0.887403 1.       0.846046 0.923805 0.864087 0.992452 0.892533]
 [0.870065 0.932593 0.999566 0.97628  0.9912   0.994586 0.999816 0.847699
  0.999355 0.995991 0.846046 1.       0.984797 0.999274 0.902185 0.9949  ]
 [0.941197 0.980855 0.979447 0.998976 0.998919 0.997172 0.987714 0.925093
  0.990335 0.996158 0.923805 0.984797 1.       0.990513 0.962752 0.997109]
 [0.886932 0.945045 0.9978   0.983572 0.995437 0.997782 0.99979  0.865735
  0.999963 0.998626 0.864087 0.999274 0.990513 1.       0.917029 0.997975]
 [0.997372 0.996823 0.889747 0.973157 0.949738 0.940194 0.909459 0.992894
  0.916647 0.935674 0.992452 0.902185 0.962752 0.917029 1.       0.939625]
 [0.913139 0.963348 0.991604 0.992949 0.999447 0.999934 0.996545 0.89401
  0.997844 0.999905 0.892533 0.9949   0.997109 0.997975 0.939625 1.      ]]

=== Slide 11: 2463127-B3 (fold=0) ===
raw attention shape: (1, 1, 16, 261)
A_low_proto_patch shape: (16, 261)
attention_dim_judgement: raw_attn interpreted as [batch, heads, prototype_query, low_patch_source]
warning: average_attn_weights=False not supported by current attention module; using module-specific return format.
prototype top1 patch indices: [184, 184, 184, 184, 184, 184, 184, 184, 184, 184, 184, 184, 184, 184, 184, 184]
prototype top1 scores: 0.039730, 0.052437, 0.121900, 0.073223, 0.086707, 0.093853, 0.107085, 0.035089, 0.104509, 0.093669, 0.036253, 0.114470, 0.076805, 0.106702, 0.046262, 0.094414
prototype 0 top5 patch indices: [184, 42, 226, 168, 201]
prototype 1 top5 patch indices: [184, 42, 226, 168, 201]
prototype 2 top5 patch indices: [184, 42, 226, 168, 201]
prototype 3 top5 patch indices: [184, 42, 226, 168, 201]
prototype 4 top5 patch indices: [184, 42, 226, 168, 201]
cosine similarity matrix:
[[1.       0.992079 0.883396 0.961865 0.939338 0.928948 0.904905 0.998551
  0.909419 0.927961 0.998788 0.894847 0.955685 0.90737  0.997583 0.927401]
 [0.992079 1.       0.933325 0.988147 0.974276 0.967188 0.949813 0.984577
  0.953034 0.966537 0.985366 0.94209  0.984654 0.951566 0.998233 0.966034]
 [0.883396 0.933325 1.       0.976716 0.989701 0.993576 0.998577 0.859278
  0.998015 0.993655 0.862264 0.999616 0.981118 0.99841  0.912302 0.994172]
 [0.961865 0.988147 0.976716 1.       0.997189 0.994433 0.986176 0.946852
  0.987916 0.994228 0.948516 0.981834 0.999697 0.987068 0.978067 0.994054]
 [0.939338 0.974276 0.989701 0.997189 1.       0.999458 0.995674 0.921013
  0.996492 0.999428 0.923    0.992933 0.998572 0.99607  0.96023  0.999225]
 [0.928948 0.967188 0.993576 0.994433 0.999458 1.       0.997926 0.909329
  0.998428 0.999912 0.911599 0.996035 0.996462 0.99827  0.951609 0.999818]
 [0.904905 0.949813 0.998577 0.986176 0.995674 0.997926 1.       0.882756
  0.999844 0.998072 0.88523  0.999532 0.989572 0.999875 0.931121 0.998226]
 [0.998551 0.984577 0.859278 0.946852 0.921013 0.909329 0.882756 1.
  0.887631 0.908249 0.999742 0.871693 0.939743 0.885383 0.992856 0.907557]
 [0.909419 0.953034 0.998015 0.987916 0.996492 0.998428 0.999844 0.887631
  1.       0.998475 0.890212 0.999306 0.991026 0.999895 0.934882 0.998839]
 [0.927961 0.966537 0.993655 0.994228 0.999428 0.999912 0.998072 0.908249
  0.998475 1.       0.910366 0.996056 0.996304 0.998294 0.950874 0.999774]
 [0.998788 0.985366 0.862264 0.948516 0.923    0.911599 0.88523  0.999742
  0.890212 0.910366 1.       0.874551 0.941495 0.888029 0.993291 0.909932]
 [0.894847 0.94209  0.999616 0.981834 0.992933 0.996035 0.999532 0.871693
  0.999306 0.996056 0.874551 1.       0.985699 0.999518 0.922254 0.996602]
 [0.955685 0.984654 0.981118 0.999697 0.998572 0.996462 0.989572 0.939743
  0.991026 0.996304 0.941495 0.985699 1.       0.990308 0.973297 0.996157]
 [0.90737  0.951566 0.99841  0.987068 0.99607  0.99827  0.999875 0.885383
  0.999895 0.998294 0.888029 0.999518 0.990308 1.       0.933189 0.998626]
 [0.997583 0.998233 0.912302 0.978067 0.96023  0.951609 0.931121 0.992856
  0.934882 0.950874 0.993291 0.922254 0.973297 0.933189 1.       0.950231]
 [0.927401 0.966034 0.994172 0.994054 0.999225 0.999818 0.998226 0.907557
  0.998839 0.999774 0.909932 0.996602 0.996157 0.998626 0.950231 1.      ]]

=== Slide 12: 2463647-B2 (fold=0) ===
raw attention shape: (1, 1, 16, 204)
A_low_proto_patch shape: (16, 204)
attention_dim_judgement: raw_attn interpreted as [batch, heads, prototype_query, low_patch_source]
warning: average_attn_weights=False not supported by current attention module; using module-specific return format.
prototype top1 patch indices: [146, 146, 146, 146, 146, 146, 146, 146, 146, 146, 146, 146, 146, 146, 146, 146]
prototype top1 scores: 0.076841, 0.102591, 0.223432, 0.138602, 0.167607, 0.176757, 0.206589, 0.069112, 0.194231, 0.182285, 0.067688, 0.209897, 0.145314, 0.196260, 0.089297, 0.176174
prototype 0 top5 patch indices: [146, 36, 71, 37, 154]
prototype 1 top5 patch indices: [146, 36, 71, 37, 154]
prototype 2 top5 patch indices: [146, 36, 71, 154, 37]
prototype 3 top5 patch indices: [146, 36, 71, 154, 37]
prototype 4 top5 patch indices: [146, 36, 71, 154, 37]
cosine similarity matrix:
[[1.       0.991769 0.906658 0.968664 0.947642 0.940017 0.918329 0.998726
  0.927632 0.936465 0.998407 0.916233 0.963834 0.925812 0.997845 0.941118]
 [0.991769 1.       0.951992 0.992304 0.98029  0.975498 0.960461 0.984593
  0.96709  0.973097 0.9835   0.958986 0.989832 0.965862 0.997963 0.976154]
 [0.906658 0.951992 1.       0.981733 0.993361 0.995675 0.999488 0.886684
  0.998385 0.996699 0.883729 0.999676 0.985307 0.998667 0.931508 0.995474]
 [0.968664 0.992304 0.981733 1.       0.997048 0.994985 0.986888 0.955754
  0.990776 0.993837 0.95405  0.986048 0.999773 0.990083 0.982717 0.995302]
 [0.947642 0.98029  0.993361 0.997048 1.       0.999671 0.996315 0.931678
  0.998211 0.999373 0.929442 0.995867 0.998347 0.997898 0.966201 0.999758]
 [0.940017 0.975498 0.995675 0.994985 0.999671 1.       0.997936 0.923148
  0.999261 0.999887 0.920784 0.997607 0.996731 0.999107 0.959969 0.999908]
 [0.918329 0.960461 0.999488 0.986888 0.996315 0.997936 1.       0.899318
  0.999614 0.998568 0.896602 0.999961 0.989902 0.999715 0.94156  0.997766]
 [0.998726 0.984593 0.886684 0.955754 0.931678 0.923148 0.899318 1.
  0.909432 0.919243 0.999772 0.897038 0.950205 0.907462 0.993519 0.924417]
 [0.927632 0.96709  0.998385 0.990776 0.998211 0.999261 0.999614 0.909432
  1.       0.999615 0.906928 0.999482 0.993258 0.999971 0.949553 0.999196]
 [0.936465 0.973097 0.996699 0.993837 0.999373 0.999887 0.998568 0.919243
  0.999615 1.       0.916762 0.998337 0.995805 0.999507 0.957017 0.999876]
 [0.998407 0.9835   0.883729 0.95405  0.929442 0.920784 0.896602 0.999772
  0.906928 0.916762 1.       0.894275 0.948358 0.904882 0.992763 0.922073]
 [0.916233 0.958986 0.999676 0.986048 0.995867 0.997607 0.999961 0.897038
  0.999482 0.998337 0.894275 1.       0.989164 0.999621 0.939783 0.997471]
 [0.963834 0.989832 0.985307 0.999773 0.998347 0.996731 0.989902 0.950205
  0.993258 0.995805 0.948358 0.989164 1.       0.992662 0.979041 0.997001]
 [0.925812 0.965862 0.998667 0.990083 0.997898 0.999107 0.999715 0.907462
  0.999971 0.999507 0.904882 0.999621 0.992662 1.       0.948019 0.998996]
 [0.997845 0.997963 0.931508 0.982717 0.966201 0.959969 0.94156  0.993519
  0.949553 0.957017 0.992763 0.939783 0.979041 0.948019 1.       0.960867]
 [0.941118 0.976154 0.995474 0.995302 0.999758 0.999908 0.997766 0.924417
  0.999196 0.999876 0.922073 0.997471 0.997001 0.998996 0.960867 1.      ]]

=== Slide 13: 2463656-B2 (fold=0) ===
raw attention shape: (1, 1, 16, 157)
A_low_proto_patch shape: (16, 157)
attention_dim_judgement: raw_attn interpreted as [batch, heads, prototype_query, low_patch_source]
warning: average_attn_weights=False not supported by current attention module; using module-specific return format.
prototype top1 patch indices: [119, 119, 119, 74, 74, 119, 119, 74, 119, 119, 74, 119, 74, 119, 119, 74]
prototype top1 scores: 0.068192, 0.088252, 0.160633, 0.110369, 0.127279, 0.133349, 0.150120, 0.063910, 0.144076, 0.137153, 0.061990, 0.152657, 0.116348, 0.145336, 0.076488, 0.134029
prototype 0 top5 patch indices: [119, 74, 37, 46, 125]
prototype 1 top5 patch indices: [119, 74, 37, 46, 125]
prototype 2 top5 patch indices: [119, 74, 37, 46, 125]
prototype 3 top5 patch indices: [74, 119, 37, 46, 125]
prototype 4 top5 patch indices: [74, 119, 37, 46, 125]
cosine similarity matrix:
[[1.       0.992205 0.92074  0.973327 0.956358 0.951022 0.933712 0.999454
  0.938628 0.947603 0.998962 0.929286 0.967769 0.9374   0.998205 0.950685]
 [0.992205 1.       0.961089 0.993905 0.984741 0.98158  0.970169 0.98904
  0.9734   0.979284 0.986632 0.967079 0.991282 0.972716 0.997627 0.981172]
 [0.92074  0.961089 1.       0.984919 0.994092 0.995635 0.999228 0.911771
  0.998642 0.996819 0.905214 0.999712 0.988703 0.998902 0.941156 0.995836]
 [0.973327 0.993905 0.984919 1.       0.997799 0.996319 0.990398 0.96755
  0.992357 0.995282 0.963622 0.988597 0.999612 0.991828 0.984978 0.996315]
 [0.956358 0.984741 0.994092 0.997799 1.       0.999643 0.997234 0.949314
  0.998256 0.999403 0.944335 0.996281 0.99897  0.998003 0.971559 0.999695]
 [0.951022 0.98158  0.995635 0.996319 0.999643 1.       0.998412 0.943477
  0.999012 0.999761 0.938325 0.997381 0.997841 0.998799 0.967236 0.999519]
 [0.933712 0.970169 0.999228 0.990398 0.997234 0.998412 1.       0.925185
  0.999838 0.999072 0.919147 0.999775 0.993234 0.999837 0.952468 0.998189]
 [0.999454 0.98904  0.911771 0.96755  0.949314 0.943477 0.925185 1.
  0.930387 0.939838 0.999656 0.920708 0.961688 0.929245 0.99627  0.943348]
 [0.938628 0.9734   0.998642 0.992357 0.998256 0.999012 0.999838 0.930387
  1.       0.999555 0.924573 0.999539 0.994841 0.999899 0.956677 0.999055]
 [0.947603 0.979284 0.996819 0.995282 0.999403 0.999761 0.999072 0.939838
  0.999555 1.       0.934387 0.998339 0.99711  0.999348 0.964247 0.999541]
 [0.998962 0.986632 0.905214 0.963622 0.944335 0.938325 0.919147 0.999656
  0.924573 0.934387 1.       0.914448 0.957342 0.923351 0.994964 0.938187]
 [0.929286 0.967079 0.999712 0.988597 0.996281 0.997381 0.999775 0.920708
  0.999539 0.998339 0.914448 1.       0.991848 0.999692 0.948539 0.997622]
 [0.967769 0.991282 0.988703 0.999612 0.99897  0.997841 0.993234 0.961688
  0.994841 0.99711  0.957342 0.991848 1.       0.994531 0.980599 0.997973]
 [0.9374   0.972716 0.998902 0.991828 0.998003 0.998799 0.999837 0.929245
  0.999899 0.999348 0.923351 0.999692 0.994531 1.       0.955555 0.998875]
 [0.998205 0.997627 0.941156 0.984978 0.971559 0.967236 0.952468 0.99627
  0.956677 0.964247 0.994964 0.948539 0.980599 0.955555 1.       0.966835]
 [0.950685 0.981172 0.995836 0.996315 0.999695 0.999519 0.998189 0.943348
  0.999055 0.999541 0.938187 0.997622 0.997973 0.998875 0.966835 1.      ]]

=== Slide 14: 2464548-B (fold=0) ===
raw attention shape: (1, 1, 16, 337)
A_low_proto_patch shape: (16, 337)
attention_dim_judgement: raw_attn interpreted as [batch, heads, prototype_query, low_patch_source]
warning: average_attn_weights=False not supported by current attention module; using module-specific return format.
prototype top1 patch indices: [128, 128, 128, 128, 128, 128, 128, 128, 128, 128, 128, 128, 128, 128, 128, 128]
prototype top1 scores: 0.038921, 0.051933, 0.127833, 0.072602, 0.090824, 0.100573, 0.114036, 0.034969, 0.107167, 0.100159, 0.034677, 0.116032, 0.075604, 0.108302, 0.044936, 0.094767
prototype 0 top5 patch indices: [128, 201, 129, 178, 115]
prototype 1 top5 patch indices: [128, 201, 129, 178, 115]
prototype 2 top5 patch indices: [128, 201, 129, 115, 178]
prototype 3 top5 patch indices: [128, 201, 129, 178, 115]
prototype 4 top5 patch indices: [128, 201, 129, 178, 115]
cosine similarity matrix:
[[1.       0.991744 0.877799 0.962961 0.934216 0.919717 0.89742  0.998724
  0.907809 0.920057 0.99805  0.894029 0.958182 0.905226 0.99775  0.928008]
 [0.991744 1.       0.928531 0.988746 0.970564 0.960249 0.943816 0.985026
  0.951596 0.960583 0.983132 0.941293 0.98633  0.949779 0.997869 0.966452]
 [0.877799 0.928531 1.       0.972627 0.990216 0.995042 0.998923 0.855209
  0.997371 0.994913 0.850424 0.999172 0.976044 0.997798 0.905685 0.992261]
 [0.962961 0.988746 0.972627 1.       0.995428 0.99052  0.982015 0.949412
  0.986502 0.990949 0.946323 0.980638 0.99972  0.985451 0.978343 0.993744]
 [0.934216 0.970564 0.990216 0.995428 1.       0.999018 0.995473 0.916731
  0.997493 0.999184 0.912912 0.994722 0.996698 0.997049 0.954877 0.999704]
 [0.919717 0.960249 0.995042 0.99052  0.999018 1.       0.998359 0.900771
  0.99925  0.999897 0.896843 0.997818 0.992511 0.999052 0.942378 0.999369]
 [0.89742  0.943816 0.998923 0.982015 0.995473 0.998359 1.       0.87633
  0.999612 0.998392 0.871772 0.999936 0.984748 0.999755 0.923155 0.996786]
 [0.998724 0.985026 0.855209 0.949412 0.916731 0.900771 0.87633  1.
  0.887599 0.901069 0.999611 0.872623 0.94406  0.884805 0.993637 0.909932]
 [0.907809 0.951596 0.997371 0.986502 0.997493 0.99925  0.999612 0.887599
  1.       0.999432 0.883266 0.999421 0.988765 0.999922 0.932312 0.998487]
 [0.920057 0.960583 0.994913 0.990949 0.999184 0.999897 0.998392 0.901069
  0.999432 1.       0.89708  0.997913 0.992829 0.999189 0.942808 0.999619]
 [0.99805  0.983132 0.850424 0.946323 0.912912 0.896843 0.871772 0.999611
  0.883266 0.89708  1.       0.867964 0.940885 0.880299 0.992305 0.906118]
 [0.894029 0.941293 0.999172 0.980638 0.994722 0.997818 0.999936 0.872623
  0.999421 0.997913 0.867964 1.       0.983461 0.999629 0.920228 0.996212]
 [0.958182 0.98633  0.976044 0.99972  0.996698 0.992511 0.984748 0.94406
  0.988765 0.992829 0.940885 0.983461 1.       0.98788  0.97465  0.995349]
 [0.905226 0.949779 0.997798 0.985451 0.997049 0.999052 0.999755 0.884805
  0.999922 0.999189 0.880299 0.999629 0.98788  1.       0.930071 0.998107]
 [0.99775  0.997869 0.905685 0.978343 0.954877 0.942378 0.923155 0.993637
  0.932312 0.942808 0.992305 0.920228 0.97465  0.930071 1.       0.949767]
 [0.928008 0.966452 0.992261 0.993744 0.999704 0.999369 0.996786 0.909932
  0.998487 0.999619 0.906118 0.996212 0.995349 0.998107 0.949767 1.      ]]

=== Slide 15: 2465243-B2 (fold=0) ===
raw attention shape: (1, 1, 16, 348)
A_low_proto_patch shape: (16, 348)
attention_dim_judgement: raw_attn interpreted as [batch, heads, prototype_query, low_patch_source]
warning: average_attn_weights=False not supported by current attention module; using module-specific return format.
prototype top1 patch indices: [151, 151, 151, 151, 151, 151, 151, 151, 151, 151, 151, 151, 151, 151, 151, 151]
prototype top1 scores: 0.031670, 0.041081, 0.094877, 0.055814, 0.069223, 0.072084, 0.081568, 0.028459, 0.079324, 0.073051, 0.027940, 0.084182, 0.057896, 0.079170, 0.035467, 0.070003
prototype 0 top5 patch indices: [151, 111, 113, 142, 202]
prototype 1 top5 patch indices: [151, 111, 142, 113, 202]
prototype 2 top5 patch indices: [151, 111, 113, 142, 202]
prototype 3 top5 patch indices: [151, 111, 113, 142, 202]
prototype 4 top5 patch indices: [151, 111, 142, 113, 202]
cosine similarity matrix:
[[1.       0.994419 0.902226 0.972547 0.951164 0.946056 0.927054 0.998151
  0.930807 0.942899 0.998561 0.920285 0.97037  0.930507 0.998437 0.946405]
 [0.994419 1.       0.939195 0.990621 0.976934 0.9735   0.959418 0.988109
  0.962022 0.971039 0.988288 0.953742 0.989953 0.961674 0.9982   0.973377]
 [0.902226 0.939195 1.       0.975985 0.990406 0.991884 0.997322 0.879301
  0.996896 0.9935   0.880409 0.99862  0.97699  0.996931 0.92183  0.991975]
 [0.972547 0.990621 0.975985 1.       0.996264 0.994543 0.987935 0.958949
  0.989647 0.993956 0.959883 0.985193 0.999347 0.989498 0.983181 0.995352]
 [0.951164 0.976934 0.990406 0.996264 1.       0.999747 0.997359 0.934274
  0.99794  0.999558 0.934958 0.9956   0.996963 0.997833 0.965042 0.99935 ]
 [0.946056 0.9735   0.991884 0.994543 0.999747 1.       0.998177 0.928614
  0.998394 0.999653 0.929066 0.996408 0.995711 0.99839  0.960554 0.998967]
 [0.927054 0.959418 0.997322 0.987935 0.997359 0.998177 1.       0.907014
  0.999782 0.998852 0.907861 0.999489 0.989236 0.999697 0.94422  0.997885]
 [0.998151 0.988109 0.879301 0.958949 0.934274 0.928614 0.907014 1.
  0.911017 0.924775 0.999614 0.898921 0.957198 0.910361 0.993973 0.928353]
 [0.930807 0.962022 0.996896 0.989647 0.99794  0.998394 0.999782 0.911017
  1.       0.999217 0.912045 0.999483 0.990396 0.999856 0.947653 0.998686]
 [0.942899 0.971039 0.9935   0.993956 0.999558 0.999653 0.998852 0.924775
  0.999217 1.       0.925513 0.997683 0.994648 0.999132 0.958157 0.999554]
 [0.998561 0.988288 0.880409 0.959883 0.934958 0.929066 0.907861 0.999614
  0.912045 0.925513 1.       0.900215 0.95763  0.911466 0.994568 0.929605]
 [0.920285 0.953742 0.99862  0.985193 0.9956   0.996408 0.999489 0.898921
  0.999483 0.997683 0.900215 1.       0.98583  0.999524 0.938349 0.996985]
 [0.97037  0.989953 0.97699  0.999347 0.996963 0.995711 0.989236 0.957198
  0.990396 0.994648 0.95763  0.98583  1.       0.990127 0.981141 0.995388]
 [0.930507 0.961674 0.996931 0.989498 0.997833 0.99839  0.999697 0.910361
  0.999856 0.999132 0.911466 0.999524 0.990127 1.       0.947313 0.998592]
 [0.998437 0.9982   0.92183  0.983181 0.965042 0.960554 0.94422  0.993973
  0.947653 0.958157 0.994568 0.938349 0.981141 0.947313 1.       0.961502]
 [0.946405 0.973377 0.991975 0.995352 0.99935  0.998967 0.997885 0.928353
  0.998686 0.999554 0.929605 0.996985 0.995388 0.998592 0.961502 1.      ]]

=== Slide 16: 2465396-B2 (fold=0) ===
raw attention shape: (1, 1, 16, 165)
A_low_proto_patch shape: (16, 165)
attention_dim_judgement: raw_attn interpreted as [batch, heads, prototype_query, low_patch_source]
warning: average_attn_weights=False not supported by current attention module; using module-specific return format.
prototype top1 patch indices: [31, 31, 31, 31, 31, 31, 31, 31, 31, 31, 31, 31, 31, 31, 31, 31]
prototype top1 scores: 0.044467, 0.055975, 0.109868, 0.072521, 0.085156, 0.091488, 0.103529, 0.042376, 0.097311, 0.091856, 0.040828, 0.101075, 0.075057, 0.095964, 0.051604, 0.088271
prototype 0 top5 patch indices: [31, 69, 77, 49, 27]
prototype 1 top5 patch indices: [31, 69, 49, 77, 27]
prototype 2 top5 patch indices: [31, 69, 77, 49, 27]
prototype 3 top5 patch indices: [31, 69, 77, 49, 27]
prototype 4 top5 patch indices: [31, 69, 77, 49, 27]
cosine similarity matrix:
[[1.       0.994988 0.924776 0.978122 0.96109  0.952175 0.936832 0.999173
  0.944634 0.95272  0.998714 0.937469 0.974072 0.943798 0.998336 0.957294]
 [0.994988 1.       0.956851 0.99372  0.983382 0.976989 0.966019 0.991178
  0.971903 0.977653 0.98932  0.966704 0.991586 0.971328 0.998877 0.980829]
 [0.924776 0.956851 1.       0.981943 0.993435 0.996383 0.99922  0.913068
  0.99799  0.996206 0.907234 0.999151 0.985715 0.998263 0.944298 0.994158]
 [0.978122 0.99372  0.981943 1.       0.996873 0.993172 0.987794 0.970878
  0.991445 0.994362 0.967808 0.988392 0.999527 0.990826 0.988146 0.996279]
 [0.96109  0.983382 0.993435 0.996873 1.       0.999154 0.996566 0.952011
  0.998246 0.99943  0.947711 0.996894 0.998435 0.998206 0.974896 0.999443]
 [0.952175 0.976989 0.996383 0.993172 0.999154 1.       0.998337 0.942526
  0.998878 0.999398 0.937564 0.9983   0.995574 0.999206 0.967506 0.998312]
 [0.936832 0.966019 0.99922  0.987794 0.996566 0.998337 1.       0.926198
  0.999528 0.998603 0.920803 0.999712 0.990702 0.999268 0.954814 0.997186]
 [0.999173 0.991178 0.913068 0.970878 0.952011 0.942526 0.926198 1.
  0.934369 0.943132 0.999739 0.926464 0.966377 0.933122 0.995974 0.947852]
 [0.944634 0.971903 0.99799  0.991445 0.998246 0.998878 0.999528 0.934369
  1.       0.999548 0.929361 0.999644 0.993889 0.999656 0.961366 0.998834]
 [0.95272  0.977653 0.996206 0.994362 0.99943  0.999398 0.998603 0.943132
  0.999548 1.       0.938455 0.998665 0.996361 0.999232 0.968113 0.999486]
 [0.998714 0.98932  0.907234 0.967808 0.947711 0.937564 0.920803 0.999739
  0.929361 0.938455 1.       0.921158 0.96288  0.927999 0.99474  0.943615]
 [0.937469 0.966704 0.999151 0.988392 0.996894 0.9983   0.999712 0.926464
  0.999644 0.998665 0.921158 1.       0.991341 0.999702 0.955214 0.997588]
 [0.974072 0.991586 0.985715 0.999527 0.998435 0.995574 0.990702 0.966377
  0.993889 0.996361 0.96288  0.991341 1.       0.993575 0.985037 0.997557]
 [0.943798 0.971328 0.998263 0.990826 0.998206 0.999206 0.999268 0.933122
  0.999656 0.999232 0.927999 0.999702 0.993575 1.       0.960474 0.998312]
 [0.998336 0.998877 0.944298 0.988146 0.974896 0.967506 0.954814 0.995974
  0.961366 0.968113 0.99474  0.955214 0.985037 0.960474 1.       0.971866]
 [0.957294 0.980829 0.994158 0.996279 0.999443 0.998312 0.997186 0.947852
  0.998834 0.999486 0.943615 0.997588 0.997557 0.998312 0.971866 1.      ]]

=== Slide 17: 2465397-B (fold=0) ===
raw attention shape: (1, 1, 16, 157)
A_low_proto_patch shape: (16, 157)
attention_dim_judgement: raw_attn interpreted as [batch, heads, prototype_query, low_patch_source]
warning: average_attn_weights=False not supported by current attention module; using module-specific return format.
prototype top1 patch indices: [113, 113, 113, 113, 113, 113, 113, 113, 113, 113, 113, 113, 113, 113, 113, 113]
prototype top1 scores: 0.071316, 0.097052, 0.208020, 0.133160, 0.154777, 0.157125, 0.191124, 0.064668, 0.183458, 0.170861, 0.065556, 0.199106, 0.138426, 0.183644, 0.081999, 0.167986
prototype 0 top5 patch indices: [113, 97, 78, 108, 80]
prototype 1 top5 patch indices: [113, 97, 78, 108, 80]
prototype 2 top5 patch indices: [113, 97, 78, 108, 80]
prototype 3 top5 patch indices: [113, 97, 78, 108, 80]
prototype 4 top5 patch indices: [113, 97, 78, 80, 108]
cosine similarity matrix:
[[1.       0.990813 0.895426 0.962479 0.941933 0.938024 0.909851 0.998792
  0.916643 0.928171 0.99834  0.90378  0.957346 0.916869 0.997847 0.931281]
 [0.990813 1.       0.945714 0.989953 0.977805 0.97479  0.956196 0.983655
  0.960984 0.969033 0.983452 0.952033 0.987189 0.961304 0.997173 0.971213]
 [0.895426 0.945714 1.       0.981725 0.992435 0.993005 0.999331 0.874687
  0.99857  0.996523 0.874659 0.999598 0.98513  0.99856  0.921602 0.995551]
 [0.962479 0.989953 0.981725 1.       0.997261 0.995575 0.987689 0.949201
  0.990233 0.994063 0.949153 0.98545  0.999696 0.990356 0.977703 0.99504 ]
 [0.941933 0.977805 0.992435 0.997261 1.       0.999604 0.995897 0.92561
  0.997198 0.998922 0.925211 0.994313 0.998605 0.997418 0.961378 0.998987]
 [0.938024 0.97479  0.993005 0.995575 0.999604 1.       0.996048 0.921103
  0.997114 0.998461 0.920244 0.994247 0.997336 0.997379 0.958247 0.998137]
 [0.909851 0.956196 0.999331 0.987689 0.995897 0.996048 1.       0.890434
  0.999829 0.998817 0.890383 0.999776 0.99034  0.999764 0.934173 0.99819 ]
 [0.998792 0.983655 0.874687 0.949201 0.92561  0.921103 0.890434 1.
  0.897844 0.910559 0.999695 0.883903 0.943172 0.897984 0.993697 0.914094]
 [0.916643 0.960984 0.99857  0.990233 0.997198 0.997114 0.999829 0.897844
  1.       0.99948  0.897806 0.999409 0.992532 0.99992  0.940013 0.999054]
 [0.928171 0.969033 0.996523 0.994063 0.998922 0.998461 0.998817 0.910559
  0.99948  1.       0.91053  0.998011 0.995822 0.999506 0.949799 0.999875]
 [0.99834  0.983452 0.874659 0.949153 0.925211 0.920244 0.890383 0.999695
  0.897806 0.91053  1.       0.88409  0.943003 0.897867 0.993165 0.914283]
 [0.90378  0.952033 0.999598 0.98545  0.994313 0.994247 0.999776 0.883903
  0.999409 0.998011 0.88409  1.       0.988254 0.999351 0.928763 0.997418]
 [0.957346 0.987189 0.98513  0.999696 0.998605 0.997336 0.99034  0.943172
  0.992532 0.995822 0.943003 0.988254 1.       0.992766 0.973745 0.996527]
 [0.916869 0.961304 0.99856  0.990356 0.997418 0.997379 0.999764 0.897984
  0.99992  0.999506 0.897867 0.999351 0.992766 1.       0.940192 0.999063]
 [0.997847 0.997173 0.921602 0.977703 0.961378 0.958247 0.934173 0.993697
  0.940013 0.949799 0.993165 0.928763 0.973745 0.940192 1.       0.952328]
 [0.931281 0.971213 0.995551 0.99504  0.998987 0.998137 0.99819  0.914094
  0.999054 0.999875 0.914283 0.997418 0.996527 0.999063 0.952328 1.      ]]

=== Slide 18: 2465568-B2 (fold=0) ===
raw attention shape: (1, 1, 16, 188)
A_low_proto_patch shape: (16, 188)
attention_dim_judgement: raw_attn interpreted as [batch, heads, prototype_query, low_patch_source]
warning: average_attn_weights=False not supported by current attention module; using module-specific return format.
prototype top1 patch indices: [139, 139, 139, 139, 139, 139, 139, 139, 139, 139, 139, 139, 139, 139, 139, 139]
prototype top1 scores: 0.055592, 0.072607, 0.158426, 0.097698, 0.120469, 0.126124, 0.144427, 0.051192, 0.138287, 0.128783, 0.050055, 0.147521, 0.103331, 0.137691, 0.064342, 0.123873
prototype 0 top5 patch indices: [139, 50, 80, 140, 159]
prototype 1 top5 patch indices: [139, 50, 80, 140, 159]
prototype 2 top5 patch indices: [139, 50, 80, 140, 159]
prototype 3 top5 patch indices: [139, 50, 80, 140, 159]
prototype 4 top5 patch indices: [139, 50, 80, 140, 159]
cosine similarity matrix:
[[1.       0.993293 0.900374 0.970306 0.945136 0.938367 0.91649  0.999093
  0.923829 0.935147 0.998704 0.913133 0.964276 0.924695 0.99803  0.941082]
 [0.993293 1.       0.942385 0.991279 0.975482 0.970837 0.954809 0.988416
  0.960239 0.96853  0.986893 0.952235 0.987972 0.960996 0.998468 0.972816]
 [0.900374 0.942385 1.       0.977391 0.992696 0.99488  0.999124 0.884042
  0.998182 0.995807 0.880079 0.99947  0.982266 0.997998 0.924329 0.993915]
 [0.970306 0.991279 0.977391 1.       0.99564  0.993603 0.985018 0.960527
  0.988192 0.992516 0.958078 0.983508 0.999605 0.988608 0.983182 0.994584]
 [0.945136 0.975482 0.992696 0.99564  1.       0.999719 0.996704 0.932462
  0.998058 0.999509 0.929251 0.99597  0.997584 0.998219 0.962937 0.999834]
 [0.938367 0.970837 0.99488  0.993603 0.999719 1.       0.998113 0.924977
  0.999082 0.999903 0.921694 0.997539 0.996054 0.999187 0.957306 0.999843]
 [0.91649  0.954809 0.999124 0.985018 0.996704 0.998113 1.       0.901259
  0.999783 0.99867  0.897515 0.999921 0.988934 0.999708 0.938498 0.997466]
 [0.999093 0.988416 0.884042 0.960527 0.932462 0.924977 0.901259 1.
  0.909149 0.921491 0.999765 0.897677 0.953769 0.910096 0.995005 0.928049]
 [0.923829 0.960239 0.998182 0.988192 0.998058 0.999082 0.999783 0.909149
  1.       0.999468 0.905599 0.999577 0.991582 0.999955 0.944865 0.998656]
 [0.935147 0.96853  0.995807 0.992516 0.999509 0.999903 0.99867  0.921491
  0.999468 1.       0.918119 0.998156 0.995163 0.99952  0.954586 0.999722]
 [0.998704 0.986893 0.880079 0.958078 0.929251 0.921694 0.897515 0.999765
  0.905599 0.918119 1.       0.893886 0.951101 0.906471 0.994028 0.924755]
 [0.913133 0.952235 0.99947  0.983508 0.99597  0.997539 0.999921 0.897677
  0.999577 0.998156 0.893886 1.       0.987608 0.999494 0.935564 0.996886]
 [0.964276 0.987972 0.982266 0.999605 0.997584 0.996054 0.988934 0.953769
  0.991582 0.995163 0.951101 0.987608 1.       0.99197  0.978526 0.996761]
 [0.924695 0.960996 0.997998 0.988608 0.998219 0.999187 0.999708 0.910096
  0.999955 0.99952  0.906471 0.999494 0.99197  1.       0.945657 0.998815]
 [0.99803  0.998468 0.924329 0.983182 0.962937 0.957306 0.938498 0.995005
  0.944865 0.954586 0.994028 0.935564 0.978526 0.945657 1.       0.959645]
 [0.941082 0.972816 0.993915 0.994584 0.999834 0.999843 0.997466 0.928049
  0.998656 0.999722 0.924755 0.996886 0.996761 0.998815 0.959645 1.      ]]

=== Slide 19: 2465608-B2 (fold=0) ===
raw attention shape: (1, 1, 16, 259)
A_low_proto_patch shape: (16, 259)
attention_dim_judgement: raw_attn interpreted as [batch, heads, prototype_query, low_patch_source]
warning: average_attn_weights=False not supported by current attention module; using module-specific return format.
prototype top1 patch indices: [74, 74, 74, 74, 74, 74, 74, 74, 74, 74, 74, 74, 74, 74, 74, 74]
prototype top1 scores: 0.089544, 0.120128, 0.271651, 0.170376, 0.202639, 0.215333, 0.243933, 0.075308, 0.235745, 0.220051, 0.075859, 0.253560, 0.170997, 0.242543, 0.106582, 0.219262
prototype 0 top5 patch indices: [74, 81, 82, 75, 83]
prototype 1 top5 patch indices: [74, 81, 82, 75, 170]
prototype 2 top5 patch indices: [74, 81, 82, 75, 83]
prototype 3 top5 patch indices: [74, 81, 82, 75, 83]
prototype 4 top5 patch indices: [74, 81, 82, 75, 83]
cosine similarity matrix:
[[1.       0.993037 0.917917 0.969068 0.951598 0.945135 0.93043  0.995979
  0.935099 0.942924 0.996907 0.926378 0.968761 0.932003 0.997591 0.94362 ]
 [0.993037 1.       0.95621  0.990922 0.980113 0.97579  0.965317 0.979501
  0.968853 0.974323 0.981296 0.96256  0.990895 0.966721 0.998712 0.974853]
 [0.917917 0.95621  1.       0.986559 0.995113 0.996971 0.999372 0.880759
  0.998866 0.997476 0.885495 0.999732 0.986404 0.999216 0.941774 0.997277]
 [0.969068 0.990922 0.986559 1.       0.997781 0.996183 0.991312 0.944256
  0.993162 0.995629 0.9474   0.990016 0.999916 0.992163 0.983464 0.995823]
 [0.951598 0.980113 0.995113 0.997781 1.       0.999757 0.997831 0.921621
  0.998663 0.999597 0.925468 0.997104 0.997719 0.998138 0.969803 0.999583]
 [0.945135 0.97579  0.996971 0.996183 0.999757 1.       0.998984 0.913611
  0.999524 0.999957 0.917657 0.998476 0.99608  0.9992   0.964604 0.999928]
 [0.93043  0.965317 0.999372 0.991312 0.997831 0.998984 1.       0.895732
  0.999848 0.999219 0.900207 0.999879 0.991218 0.999843 0.952293 0.999095]
 [0.995979 0.979501 0.880759 0.944256 0.921621 0.913611 0.895732 1.
  0.901403 0.91089  0.999816 0.890853 0.943963 0.897662 0.988026 0.911941]
 [0.935099 0.968853 0.998866 0.993162 0.998663 0.999524 0.999848 0.901403
  1.       0.99971  0.905687 0.999692 0.993061 0.999936 0.956344 0.99964 ]
 [0.942924 0.974323 0.997476 0.995629 0.999597 0.999957 0.999219 0.91089
  0.99971  1.       0.914953 0.99883  0.995522 0.999455 0.962826 0.999938]
 [0.996907 0.981296 0.885495 0.9474   0.925468 0.917657 0.900207 0.999816
  0.905687 0.914953 1.       0.895364 0.94707  0.901994 0.989454 0.915961]
 [0.926378 0.96256  0.999732 0.990016 0.997104 0.998476 0.999879 0.890853
  0.999692 0.99883  0.895364 1.       0.989914 0.999846 0.948997 0.998691]
 [0.968761 0.990895 0.986404 0.999916 0.997719 0.99608  0.991218 0.943963
  0.993061 0.995522 0.94707  0.989914 1.       0.992035 0.983224 0.995705]
 [0.932003 0.966721 0.999216 0.992163 0.998138 0.9992   0.999843 0.897662
  0.999936 0.999455 0.901994 0.999846 0.992035 1.       0.953821 0.999385]
 [0.997591 0.998712 0.941774 0.983464 0.969803 0.964604 0.952293 0.988026
  0.956344 0.962826 0.989454 0.948997 0.983224 0.953821 1.       0.963449]
 [0.94362  0.974853 0.997277 0.995823 0.999583 0.999928 0.999095 0.911941
  0.99964  0.999938 0.915961 0.998691 0.995705 0.999385 0.963449 1.      ]]

=== Slide 20: 2466264-B2 (fold=0) ===
raw attention shape: (1, 1, 16, 188)
A_low_proto_patch shape: (16, 188)
attention_dim_judgement: raw_attn interpreted as [batch, heads, prototype_query, low_patch_source]
warning: average_attn_weights=False not supported by current attention module; using module-specific return format.
prototype top1 patch indices: [52, 52, 52, 52, 52, 52, 52, 52, 52, 52, 52, 52, 52, 52, 52, 52]
prototype top1 scores: 0.066148, 0.083783, 0.200583, 0.114975, 0.141896, 0.148040, 0.177251, 0.055524, 0.165236, 0.150298, 0.056097, 0.187235, 0.117385, 0.176406, 0.077992, 0.153229
prototype 0 top5 patch indices: [52, 97, 127, 124, 54]
prototype 1 top5 patch indices: [52, 97, 127, 124, 54]
prototype 2 top5 patch indices: [52, 97, 54, 53, 124]
prototype 3 top5 patch indices: [52, 97, 127, 54, 124]
prototype 4 top5 patch indices: [52, 97, 127, 124, 54]
cosine similarity matrix:
[[1.       0.99421  0.893733 0.971678 0.947627 0.941828 0.914987 0.99713
  0.926015 0.939639 0.997632 0.905856 0.969459 0.915826 0.997163 0.937137]
 [0.99421  1.       0.931945 0.990743 0.974799 0.970774 0.949833 0.984499
  0.958724 0.969195 0.985052 0.942141 0.989688 0.950025 0.998659 0.96676 ]
 [0.893733 0.931945 1.       0.971306 0.988518 0.990396 0.998156 0.859063
  0.995658 0.991155 0.862139 0.999448 0.972251 0.998434 0.922466 0.993176]
 [0.971678 0.990743 0.971306 1.       0.995864 0.994114 0.98289  0.952354
  0.988112 0.993428 0.953759 0.977998 0.999732 0.982789 0.985725 0.992161]
 [0.947627 0.974799 0.988518 0.995864 1.       0.999784 0.995495 0.9224
  0.997949 0.999661 0.924228 0.992688 0.99635  0.995276 0.967385 0.999142]
 [0.941828 0.970774 0.990396 0.994114 0.999784 1.       0.996787 0.915656
  0.998827 0.999946 0.917415 0.994231 0.99489  0.996399 0.962581 0.999243]
 [0.914987 0.949833 0.998156 0.98289  0.995495 0.996787 1.       0.88384
  0.999434 0.997257 0.886214 0.999556 0.983908 0.999821 0.94048  0.99785 ]
 [0.99713  0.984499 0.859063 0.952354 0.9224   0.915656 0.88384  1.
  0.896759 0.91302  0.99972  0.873121 0.950006 0.884556 0.98889  0.90939 ]
 [0.926015 0.958724 0.995658 0.988112 0.997949 0.998827 0.999434 0.896759
  1.       0.999121 0.898888 0.998091 0.989011 0.999123 0.949762 0.999158]
 [0.939639 0.969195 0.991155 0.993428 0.999661 0.999946 0.997257 0.91302
  0.999121 1.       0.914845 0.994818 0.994194 0.99684  0.960854 0.99937 ]
 [0.997632 0.985052 0.862139 0.953759 0.924228 0.917415 0.886214 0.99972
  0.898888 0.914845 1.       0.875777 0.951078 0.887118 0.990049 0.911794]
 [0.905856 0.942141 0.999448 0.977998 0.992688 0.994231 0.999556 0.873121
  0.998091 0.994818 0.875777 1.       0.978958 0.999664 0.932771 0.996123]
 [0.969459 0.989688 0.972251 0.999732 0.99635  0.99489  0.983908 0.950006
  0.989011 0.994194 0.951078 0.978958 1.       0.983568 0.98368  0.992428]
 [0.915826 0.950025 0.998434 0.982789 0.995276 0.996399 0.999821 0.884556
  0.999123 0.99684  0.887118 0.999664 0.983568 1.       0.941267 0.997961]
 [0.997163 0.998659 0.922466 0.985725 0.967385 0.962581 0.94048  0.98889
  0.949762 0.960854 0.990049 0.932771 0.98368  0.941267 1.       0.959362]
 [0.937137 0.96676  0.993176 0.992161 0.999142 0.999243 0.99785  0.90939
  0.999158 0.99937  0.911794 0.996123 0.992428 0.997961 0.959362 1.      ]]
